T1 ET T2 T3 RTT RTF Cost BytesUp1 BytesDown1 BytesDown2 BytesPerSecUp1 BytesPerSecDown1 BytesPerSecDown2 T4 CL FRTT FCL Pipeline Application Device
2.014871000 1.617697976 .658882792 2.841454000 6.474022976 NA .0000071896 44432 321028 NA 22052.0321152073 112980.1854965802 NA NA 4.856325000 6.474022976 4.856325000 Cloud-Only YOLO
2.975920000 2.726472993 .455410545 4.360472000 10.062864993 NA .0000121175 563604 3974628 NA 189388.1555955805 911513.2490244175 NA NA 7.336392000 10.062864993 7.336392000 Cloud-Only YOLO
2.355687000 2.433934902 .452034968 3.260161000 8.049782902 NA .0000108173 168936 1473984 NA 71714.1114248200 452120.0026624451 NA NA 5.615848000 8.049782902 5.615848000 Cloud-Only YOLO
2.010839000 1.524320715 .268350068 3.487852000 7.023011715 NA .0000067746 44480 457004 NA 22120.1200096079 131027.3486374995 NA NA 5.498691000 7.023011715 5.498691000 Cloud-Only YOLO
2.343342000 1.496283612 .272443607 4.099224000 7.938849612 NA .0000066500 166452 879264 NA 71031.8852305809 214495.2312925568 NA NA 6.442566000 7.938849612 6.442566000 Cloud-Only YOLO
2.185127000 1.471420110 .267283465 4.002552000 7.659099110 NA .0000065395 144560 837812 NA 66156.3378238427 209319.4541882279 NA NA 6.187679000 7.659099110 6.187679000 Cloud-Only YOLO
2.635745000 1.391848522 .270106694 3.564617000 7.592210522 NA .0000061859 385860 765556 NA 146395.0420089955 214765.2889496964 NA NA 6.200362000 7.592210522 6.200362000 Cloud-Only YOLO
2.013351000 1.938638582 .468651315 4.755050000 8.707039582 NA .0000086160 228204 1985680 NA 113345.3630290992 417593.9264571350 NA NA 6.768401000 8.707039582 6.768401000 Cloud-Only YOLO
1.774643000 1.366562384 .265683444 3.027225000 6.168430384 NA .0000060735 74776 420584 NA 42135.7985803341 138933.8420500623 NA NA 4.801868000 6.168430384 4.801868000 Cloud-Only YOLO
1.954527000 2.401006779 .454754080 5.238244000 9.593777779 NA .0000106710 186700 2804708 NA 95521.8321363685 535429.0483604811 NA NA 7.192771000 9.593777779 7.192771000 Cloud-Only YOLO
